4.42857142857143	2.99114184749994E-21
4.42067736185383	7.80899437087611E-20
4.41281138790036	3.6229631734184E-19
4.40497335701599	1.00087812153112E-17
4.39716312056738	7.66121949359387E-17
4.38938053097345	2.92424780889895E-16
4.38162544169611	1.19177287061579E-15
4.37389770723104	2.29189945210204E-15
4.36619718309859	4.72681949756065E-14
4.3585237258348	1.62245611902163E-13
4.35087719298246	5.24961041130764E-13
4.34325744308231	2.80111870238367E-12
4.33566433566434	9.02656075824634E-12
4.32809773123909	5.54867937984535E-11
4.3205574912892	1.81789235662126E-10
4.31304347826087	7.26773173128905E-10
4.30555555555556	4.1697311235942E-9
4.29809358752166	1.15195817362914E-8
4.29065743944637	3.78975545454777E-8
4.2832469775475	1.40239864930049E-7
4.27586206896552	4.08073835009919E-7
4.26850258175559	9.38022395947743E-7
4.26116838487973	2.39373438875428E-6
4.25385934819897	7.478223684316E-6
4.24657534246575	1.84486059005871E-5
4.23931623931624	2.945128202829E-5
4.2320819112628	5.98629048612419E-5
4.22487223168654	1.57744108907533E-4
4.21768707482993	2.90981849908995E-4
4.21052631578947	4.61005043850956E-4
4.20338983050847	8.6252778248147E-4
4.19627749576988	0.0019594894484622
4.18918918918919	0.00338479506219423
4.18212478920742	0.00505813149822795
4.17508417508417	0.00688597487779233
4.16806722689076	0.0132816128133344
4.16107382550336	0.0207600291402913
4.15410385259631	0.0257167103042877
4.14715719063545	0.0354798475356056
4.14023372287145	0.062260491189913
4.13333333333333	0.0740683544981819
4.12645590682196	0.0906641265795818
4.11960132890365	0.141015703443489
4.11276948590381	0.197301350983443
4.10596026490066	0.214836343751404
4.09917355371901	0.316138507120867
4.09240924092409	0.525271972171678
4.08566721581549	0.667032083646367
4.07894736842105	0.705795540824363
4.07224958949097	0.893776005723241
4.0655737704918	1.2350536823195
4.05891980360065	1.40890675524807
4.05228758169935	1.402799531114
4.04567699836868	1.59913534055237
4.03908794788274	2.11672058889399
4.03252032520325	2.71734124870425
4.02597402597403	2.89464497751939
4.0194489465154	3.17981935158224
4.01294498381877	3.12114251848718
4.0064620355412	3.3453884738167
4	3.94776216593321
3.99355877616747	5.09573487459189
3.98713826366559	6.46796594137019
3.98073836276083	6.57939534161666
3.97435897435897	7.33029802436395
3.968	7.79546850507313
3.96166134185304	8.47982681040089
3.95534290271132	8.5259628690659
3.94904458598726	9.51687447475091
3.94276629570747	10.417455512459
3.93650793650794	10.9027184357334
3.93026941362916	9.50285802353858
3.92405063291139	9.94369887358066
3.91785150078989	12.1466613568803
3.91167192429022	13.9047237789895
3.90551181102362	14.8323001351448
3.89937106918239	14.3481532149974
3.89324960753532	15.2089349435817
3.8871473354232	16.7987275581874
3.8810641627543	16.1261676030234
3.875	16.9512846588383
3.86895475819033	20.3161898122113
3.86292834890966	20.7942841473961
3.85692068429238	19.8746748026436
3.85093167701863	18.5652405307562
3.84496124031008	18.2085949260418
3.8390092879257	17.8587222350496
3.83307573415765	20.98187723093
3.82716049382716	23.3122302013238
3.82126348228043	24.0500046269047
3.81538461538462	23.7604519151094
3.80952380952381	27.7144622017837
3.80368098159509	32.6712138313214
3.79785604900459	35.008431136569
3.79204892966361	34.325843806444
3.78625954198473	33.2709746504389
3.78048780487805	30.467014956097
3.77473363774734	32.3422609746802
3.76899696048632	36.8673118391208
3.76327769347496	41.0447004563796
3.75757575757576	41.3985779211627
3.75189107413011	37.7019553397563
3.74622356495468	35.5736567335895
3.74057315233786	37.0495433661251
3.73493975903614	38.7765239139522
3.72932330827068	39.1573163990056
3.72372372372372	38.4032641168418
3.71814092953523	36.5274439707292
3.7125748502994	37.3324775327457
3.70702541106129	40.162178232286
3.70149253731343	41.9829005851282
3.69597615499255	41.1324940068041
3.69047619047619	37.8009415645108
3.68499257057949	34.8955312466234
3.67952522255193	34.2354686075356
3.67407407407407	36.7907038440932
3.66863905325444	39.9954298522514
3.66322008862629	42.0691325831888
3.65781710914454	42.9608791137811
3.65243004418262	44.1018024699251
3.64705882352941	46.7805872197604
3.6417033773862	46.8163633982865
3.63636363636364	44.2044815358193
3.63103953147877	44.1423465754863
3.62573099415205	46.1572693030342
3.62043795620438	48.0263774566361
3.61516034985423	48.8517218062108
3.6098981077147	46.2537924717362
3.6046511627907	39.9316152128475
3.59941944847605	38.577679956644
3.59420289855072	44.0564124960006
3.589001447178	47.104917604631
3.58381502890173	46.1272264139356
3.57864357864358	47.1117226291561
3.57348703170029	47.9731505173394
3.56834532374101	46.426761230649
3.5632183908046	46.4012667933536
3.55810616929699	47.3427466836781
3.55300859598854	45.7381203034674
3.54792560801144	47.0917533507846
3.54285714285714	52.1591779789198
3.53780313837375	56.2147402275838
3.53276353276353	54.816353055484
3.52773826458037	52.8304052500723
3.52272727272727	51.7507682738213
3.5177304964539	49.0630531199438
3.51274787535411	52.295446654467
3.50777934936351	57.6719429271736
3.50282485875706	61.139899373289
3.49788434414669	61.9795942800562
3.49295774647887	62.138292985598
3.48804500703235	60.1609182988734
3.48314606741573	56.6089391694786
3.47826086956522	53.2371642659434
3.4733893557423	46.9432495117009
3.46853146853147	47.6334708238585
3.46368715083799	44.4500528687931
3.45885634588563	41.381983234764
3.45403899721448	48.8010786484569
3.44923504867872	58.9386110166553
3.44444444444444	62.51824924905
3.43966712898752	59.2480940411983
3.43490304709141	54.6758222298036
3.43015214384509	53.7018330616755
3.42541436464088	56.4544528642003
3.42068965517241	62.0045125898275
3.41597796143251	63.9619928810491
3.41127922971114	62.3801112820251
3.40659340659341	64.7818262914208
3.40192043895748	64.349193605376
3.3972602739726	66.9980324819878
3.39261285909713	73.935545789384
3.3879781420765	79.4357000609714
3.38335607094134	79.7893741230611
3.37874659400545	78.5158780575014
3.37414965986395	77.2367245309447
3.3695652173913	72.9092512097888
3.36499321573948	72.615810699703
3.36043360433604	76.1127016870118
3.35588633288227	81.9939078421671
3.35135135135135	83.3619454929064
3.3468286099865	75.5659677976339
3.34231805929919	76.9655377045408
3.33781965006729	80.192698343488
3.33333333333333	75.2673069725843
3.32885906040268	71.899048332022
3.32439678284182	69.4364093167847
3.31994645247657	62.760097958704
3.31550802139037	62.7635505424081
3.31108144192256	62.4643571058494
3.30666666666667	66.8307222344724
3.30226364846871	74.0954374151901
3.29787234042553	76.935705701987
3.29349269588313	75.8944132463292
3.28912466843501	81.6379961750476
3.28476821192053	91.3129391452965
3.28042328042328	98.6300319772115
3.27608982826948	96.3759603817326
3.27176781002639	86.1716320815313
3.26745718050066	77.449009606294
3.26315789473684	81.6055831550566
3.25886990801577	87.6560388389412
3.25459317585302	89.417771277653
3.25032765399738	80.7956906239046
3.24607329842932	69.052468208925
3.24183006535948	59.8933743661593
3.23759791122715	53.8240753223268
3.23337679269883	52.2449079178107
3.22916666666667	60.6090139887954
3.22496749024707	73.1556947884632
3.22077922077922	80.513457586497
3.21660181582361	77.1369071168338
3.21243523316062	74.6179627368904
3.20827943078913	77.7869889776129
3.20413436692506	78.6852863075894
3.2	77.7468277319366
3.19587628865979	77.192447997654
3.19176319176319	76.8486579943681
3.18766066838046	83.644904453817
3.18356867779204	92.9467542132128
3.17948717948718	97.7595658687361
3.17541613316261	98.8367887162259
3.17135549872123	104.967326662253
3.16730523627075	106.726649282676
3.16326530612245	98.509519163646
3.15923566878981	82.3167599728427
3.15521628498728	59.755414344233
3.15120711562897	47.6413391762453
3.14720812182741	62.0529247574537
3.14321926489227	85.8286031185919
3.13924050632911	101.632405730794
3.13527180783818	108.532663228456
3.13131313131313	95.6764792248629
3.12736443883985	69.7526106201121
3.12342569269521	54.1703257062689
3.11949685534591	80.207075576014
3.11557788944724	108.901187477479
3.11166875784191	128.949650774793
3.1077694235589	137.284825548527
3.10387984981227	141.850786358297
3.1	143.754462403265
3.09226932668329	150.465251529965
3.08457711442786	157.185543696304
3.07692307692308	152.100869345178
3.06930693069307	155.331207582662
3.06172839506173	152.265067141163
3.05418719211823	149.242655456164
3.04668304668305	147.293636525857
3.03921568627451	154.569474092783
3.03178484107579	165.918034950143
3.02439024390244	142.139023083618
3.01703163017032	159.902379648952
3.00970873786408	170.811297382973
3.00242130750605	164.667431772237
2.9951690821256	163.682751527256
2.98795180722892	170.252300297874
2.98076923076923	176.181711711923
2.97362110311751	172.654497074154
2.96650717703349	165.945093669634
2.95942720763723	173.550089084599
2.95238095238095	159.783839797963
2.94536817102138	182.343348243882
2.93838862559242	180.711702111821
2.93144208037825	175.811712035311
2.92452830188679	175.672587883367
2.91764705882353	181.906378661932
2.91079812206573	177.597217361389
2.903981264637	172.38867744741
2.89719626168224	174.895943464779
2.89044289044289	162.712596889413
2.88372093023256	130.416786027011
2.87703016241299	118.937663124327
2.87037037037037	198.769090004242
2.86374133949192	185.795064611542
2.85714285714286	172.436428612734
2.85057471264368	190.018026782889
2.84403669724771	209.396327991746
2.83752860411899	214.731757815501
2.8310502283105	189.337155339402
2.8246013667426	183.006760862104
2.81818181818182	210.758028943347
2.81179138321995	208.799901246562
2.80542986425339	224.510460685508
2.79909706546275	228.740271951831
2.79279279279279	223.907754521278
2.78651685393258	233.461282012986
2.78026905829596	210.272911503563
2.77404921700224	240.140784850615
2.76785714285714	244.097508122123
2.76169265033408	244.603153653332
2.75555555555556	254.675744624996
2.74944567627494	265.289980791696
2.74336283185841	255.082761946642
2.73730684326711	236.602047823653
2.73127753303965	254.901660162648
2.72527472527473	254.172608845281
2.71929824561404	263.675573001606
2.71334792122538	267.022853110391
2.70742358078603	262.44114332975
2.70152505446623	261.498611522825
2.69565217391304	260.932833084509
2.68980477223427	271.254924370797
2.68398268398268	274.980562440766
2.67818574514039	277.140358319321
2.67241379310345	269.883247074343
2.66666666666667	267.664924332865
2.66094420600858	274.473957960454
2.65524625267666	263.341778149576
2.64957264957265	275.881201696063
2.64392324093817	278.178981648901
2.63829787234043	268.588756591967
2.63269639065817	274.277053879116
2.6271186440678	289.726240292581
2.6215644820296	279.64247531791
2.61603375527426	283.942611238853
2.61052631578947	294.494440794722
2.60504201680672	285.612918156809
2.59958071278826	288.520696028983
2.59414225941423	299.055291355772
2.58872651356994	294.497854576108
2.58333333333333	300.652632335699
2.57796257796258	301.832024167757
2.57261410788382	304.193757259636
2.56728778467909	301.732192574248
2.56198347107438	297.239859333839
2.55670103092783	297.50193695425
2.55144032921811	242.214554341458
2.54620123203285	272.380232876687
2.54098360655738	296.008376105883
2.53578732106339	279.982960555653
2.53061224489796	314.142919602786
2.52545824847251	303.197447851548
2.52032520325203	290.261305988713
2.51521298174442	311.709526537201
2.51012145748988	305.536208261628
2.50505050505051	325.744076734408
2.5	311.011025865668
2.49496981891348	317.604934411229
2.48995983935743	310.184190933302
2.48496993987976	311.390999951654
2.48	311.511281330342
2.4750499001996	303.184123934814
2.47011952191235	304.151773498569
2.46520874751491	319.38221854915
2.46031746031746	298.816265529858
2.45544554455446	321.556890114572
2.45059288537549	335.819242215461
2.44575936883629	322.554191132967
2.44094488188976	315.607283511452
2.43614931237721	332.061576971266
2.43137254901961	324.725609642387
2.426614481409	332.065021800958
2.421875	342.181586851059
2.41715399610136	322.720753116312
2.4124513618677	317.140900464641
2.40776699029126	327.552017566273
2.4031007751938	331.852879694992
2.39845261121857	271.470068888258
2.39382239382239	311.66616576361
2.38921001926782	303.18238998774
2.38461538461538	332.242227062894
2.38003838771593	335.929248540401
2.37547892720307	344.779255535006
2.37093690248566	326.226596116477
2.36641221374046	352.18708453061
2.36190476190476	350.776349917042
2.3574144486692	342.296403647276
2.35294117647059	300.506470863468
2.34848484848485	345.264087169087
2.34404536862004	362.686527288128
2.33962264150943	349.900809870236
2.33521657250471	370.45940218299
2.33082706766917	365.145653189578
2.32645403377111	327.297163717276
2.32209737827715	351.890781435276
2.31775700934579	358.588204467931
2.3134328358209	375.314171087553
2.30912476722533	348.576744062053
2.30483271375465	367.359495781494
2.30055658627087	359.682799747768
2.2962962962963	348.625700304867
2.29205175600739	336.369839725774
2.28782287822878	367.464635183689
2.28360957642726	362.758432986997
2.27941176470588	376.887828903669
2.27522935779817	369.723296287316
2.27106227106227	367.619340585168
2.26691042047532	373.768974003387
2.26277372262774	364.456698864023
2.25865209471767	377.236393152521
2.25454545454545	375.66010534329
2.25045372050817	376.611157853717
2.2463768115942	385.719852235672
2.24231464737794	376.094761463554
2.23826714801444	384.856805785194
2.23423423423423	388.358890650036
2.23021582733813	383.078333989091
2.2262118491921	374.999987071283
2.22222222222222	384.433093668539
2.21824686940966	364.971812596254
2.21428571428571	372.778379015824
2.21033868092692	395.811382835177
2.20640569395018	378.171257479518
2.20248667850799	393.858513511724
2.19858156028369	387.511741738587
2.19469026548673	391.332784074945
2.19081272084806	371.353636293764
2.18694885361552	397.193434459312
2.1830985915493	394.953185484908
2.1792618629174	386.606175641348
2.17543859649123	388.202080576647
2.17162872154116	376.813011276938
2.16783216783217	399.321749533178
2.16404886561955	402.413796761699
2.1602787456446	401.720532608716
2.15652173913043	394.002648053777
2.15277777777778	392.083288481315
2.14904679376083	403.353167286577
2.14532871972318	392.278250551608
2.14162348877375	399.314242617345
2.13793103448276	407.476997862583
2.1342512908778	410.761660957861
2.13058419243986	418.486943235371
2.12692967409949	424.284520881618
2.12328767123288	424.888652929212
2.11965811965812	422.922755817281
2.1160409556314	414.095721504476
2.11243611584327	424.624605313959
2.10884353741497	416.397369350415
2.10526315789474	360.740940687547
2.10169491525424	384.846000652188
2.09813874788494	412.995533577989
2.09459459459459	405.689281251971
2.09106239460371	412.931264955903
2.08754208754209	412.33331385987
2.08403361344538	408.498100028351
2.08053691275168	422.390823338755
2.07705192629816	425.045362518993
2.07357859531773	421.250641484702
2.07011686143573	422.631748998405
2.06666666666667	428.311782032995
2.06322795341098	424.672225350594
2.05980066445183	419.686114289846
2.05638474295191	429.995840205277
2.05298013245033	438.984297321331
2.0495867768595	439.671621247928
2.04620462046205	438.964334147783
2.04283360790774	443.05876270398
2.03947368421053	443.05903117102
2.03612479474548	441.137866925862
2.0327868852459	440.697281869506
2.02945990180033	439.885391333503
2.02614379084967	447.971574440475
2.02283849918434	443.072916699188
2.01954397394137	430.990427924322
2.01626016260163	448.286957566509
2.01298701298701	437.903318215529
2.0097244732577	433.738718794631
2.00647249190939	451.654748024829
2.0032310177706	455.249696436904
2	456.907803951311
1.99677938808374	460.342188670791
1.9935691318328	445.196237511933
1.99036918138042	443.373620428164
1.98717948717949	443.322256288426
1.984	441.846121604121
1.98083067092652	442.818720832339
1.97767145135566	457.074673917721
1.97452229299363	433.535018682696
1.97138314785374	450.327617466604
1.96825396825397	445.679123667236
1.96513470681458	454.705093668964
1.9620253164557	439.300826815332
1.95892575039494	468.804902808246
1.95583596214511	463.026167290095
1.95275590551181	470.146112039295
1.94968553459119	460.863268435791
1.94662480376766	478.08625577049
1.9435736677116	482.772615922348
1.94053208137715	482.278525118956
1.9375	473.681340688344
1.93447737909516	475.427835148799
1.93146417445483	477.843076890931
1.92846034214619	484.300887486304
1.92546583850932	483.701317039672
1.92248062015504	488.727444447282
1.91950464396285	476.210156649301
1.91653786707883	475.525075700704
1.91358024691358	472.458489695855
1.91063174114022	459.209791393135
1.90769230769231	463.181448819098
1.9047619047619	493.761049980478
1.90184049079755	475.53243132661
1.8989280245023	492.122840720435
1.8960244648318	488.18134692519
1.89312977099237	467.047847972209
1.89024390243902	411.282144030875
1.88736681887367	431.404197889583
1.88449848024316	483.766170740872
1.88163884673748	486.988830450069
1.87878787878788	491.5241326909
1.87594553706505	490.935835279275
1.87311178247734	488.393385724974
1.87028657616893	490.756234378449
1.86746987951807	496.611154213301
1.86466165413534	506.916910945574
1.86186186186186	508.049143304307
1.85907046476762	505.952278631984
1.8562874251497	509.197828361907
1.85351270553064	519.530336314476
1.85074626865672	513.916751493041
1.84798807749627	514.471615282509
1.8452380952381	508.831865448922
1.84249628528975	514.803598042509
1.83976261127596	515.601910307603
1.83703703703704	512.870734069914
1.83431952662722	520.361631396457
1.83161004431315	517.134213957779
1.82890855457227	521.443404693728
1.82621502209131	518.558225391431
1.82352941176471	520.90715254909
1.8208516886931	520.420759870708
1.81818181818182	524.425937208926
1.81551976573939	520.284353372941
1.81286549707602	518.375544982537
1.81021897810219	520.232936572051
1.80758017492711	509.988104357716
1.80494905385735	368.530700264016
1.80232558139535	427.76443378837
1.79970972423803	431.765276057291
1.79710144927536	453.868013521481
1.794500723589	474.899819192278
1.79190751445087	490.023337909857
1.78932178932179	488.342241100791
1.78674351585014	484.120595942124
1.7841726618705	495.255143085515
1.7816091954023	495.509391936097
1.77905308464849	525.103305032553
1.77650429799427	518.320834158012
1.77396280400572	509.01058030368
1.77142857142857	506.713996154164
1.76890156918688	501.663627035818
1.76638176638177	503.692060193725
1.76386913229018	508.037550995942
1.76136363636364	522.71363556219
1.75886524822695	529.650899821851
1.75637393767705	528.340776961041
1.75388967468175	527.661796964215
1.75141242937853	527.457705724271
1.74894217207334	530.854069656182
1.74647887323944	535.604847945864
1.74402250351617	536.299302176377
1.74157303370787	534.374812778633
1.73913043478261	529.604318653464
1.73669467787115	535.654411041929
1.73426573426573	518.933244409743
1.73184357541899	525.719083178694
1.72942817294282	458.989066164476
1.72701949860724	428.050097556717
1.72461752433936	384.876457007946
1.72222222222222	412.00150214781
1.71983356449376	455.320832379724
1.71745152354571	521.576907892644
1.71507607192254	482.427017472183
1.71270718232044	446.182515897892
1.71034482758621	439.997840152049
1.70798898071625	459.617570083756
1.70563961485557	462.461664412957
1.7032967032967	444.501546104622
1.70096021947874	448.552173081931
1.6986301369863	484.980706271257
1.69630642954856	461.229904169597
1.69398907103825	498.401438559127
1.69167803547067	518.309209188442
1.68937329700272	536.886327817137
1.68707482993197	530.551841011842
1.68478260869565	526.797980999622
1.68249660786974	527.354393010842
1.68021680216802	538.888689027165
1.67794316644114	524.318829505432
1.67567567567568	538.545525731916
1.67341430499325	537.920848980037
1.6711590296496	539.595707821561
1.66890982503365	552.270154724275
1.66666666666667	558.132458975281
1.66442953020134	559.365263570746
1.66219839142091	559.656157567337
1.65997322623829	561.472586118919
1.65775401069519	559.547656561037
1.65554072096128	559.054129869072
1.65333333333333	559.82212326192
1.65113182423435	558.814366706378
1.64893617021277	562.310166748963
1.64674634794157	560.880176459993
1.64456233421751	569.431470688153
1.64238410596026	569.242024006648
1.64021164021164	563.791133194814
1.63804491413474	564.775281989572
1.63588390501319	569.697249024682
1.63372859025033	554.941091280945
1.63157894736842	123.922823994014
1.62943495400788	71.9042223890424
1.62729658792651	322.003715993302
1.62516382699869	178.180806865983
1.62303664921466	253.615248110737
1.62091503267974	323.765444615491
1.61879895561358	385.464559645888
1.61668839634941	462.17096366586
1.61458333333333	529.793751222103
1.61248374512354	537.850959646857
1.61038961038961	555.029450323841
1.6083009079118	560.211237243335
1.60621761658031	566.087191700545
1.60413971539457	567.217374790449
1.60206718346253	568.685898123711
1.6	570.15632000039
1.5979381443299	572.939826665611
1.5958815958816	570.960600798248
1.59383033419023	571.747817205292
1.59178433889602	575.763360967987
1.58974358974359	570.913215196483
1.58770806658131	570.95151566074
1.58567774936061	575.126953198429
1.58365261813538	574.225565074124
1.58163265306122	571.826859256448
1.5796178343949	575.771303285906
1.57760814249364	577.538103660948
1.57560355781449	571.915845636411
1.57360406091371	566.109156804337
1.57160963244613	565.137141364913
1.56962025316456	549.105901313801
1.56763590391909	557.96470860795
1.56565656565657	554.064887687488
1.56368221941992	551.50927203862
1.56171284634761	557.832716534111
1.55974842767296	557.199936577637
1.55778894472362	548.893972191149
1.55583437892095	559.033683148402
1.55388471177945	571.119253689394
1.55193992490613	561.431022679332
1.55	553.546938075585
1.54806491885144	561.037212258598
1.54613466334165	563.113253678978
1.54420921544209	554.170284266431
1.54228855721393	562.067666738594
1.54037267080745	551.081107836846
1.53846153846154	574.926355013858
1.5365551425031	570.314062813273
1.53465346534653	569.727649267684
1.5327564894932	556.729638453899
1.53086419753086	558.688852034939
1.52897657213317	558.690093402657
1.52709359605911	545.977941114773
1.52521525215252	537.622248632651
1.52334152334152	482.817479482328
1.52147239263804	479.542411434514
1.51960784313725	446.852643950147
1.51774785801714	458.536827807979
1.5158924205379	443.8816696305
1.51404151404151	489.64883888212
1.51219512195122	467.360157235321
1.51035322777101	542.297179814427
1.50851581508516	518.515274842572
1.50668286755772	367.455482941518
1.50485436893204	512.00131986191
1.5030303030303	532.06622313635
1.50121065375303	513.802003051483
1.4993954050786	543.08784436567
1.4975845410628	469.839437325949
1.49577804583836	515.041443145708
1.49397590361446	508.90132026711
1.49217809867629	514.533426588447
1.49038461538462	499.215011139114
1.48859543817527	535.244428324819
1.48681055155875	523.976669288202
1.48502994011976	564.076039545788
1.48325358851675	548.034482053941
1.48148148148148	570.171277461236
1.47971360381862	565.763662902285
1.47794994040524	568.414719559382
1.47619047619048	577.964551576892
1.47443519619501	576.147312866141
1.47268408551069	570.045585951549
1.47093712930012	576.139975465993
1.46919431279621	566.598613716632
1.46745562130178	585.326219806235
1.46572104018913	587.982242450332
1.46399055489965	573.752131394077
1.4622641509434	575.380280664325
1.4605418138987	573.128301301273
1.45882352941176	520.734685258623
1.45710928319624	569.389865095451
1.45539906103286	567.415426030074
1.45369284876905	566.160469363564
1.4519906323185	500.591781470623
1.45029239766082	538.245224098661
1.44859813084112	575.060343953437
1.44690781796966	587.35628129859
1.44522144522145	588.905911193733
1.44353899883586	590.130686269894
1.44186046511628	589.388082963809
1.44018583042973	589.94051183223
1.4385150812065	595.92572033409
1.43684820393974	600.918898344081
1.43518518518519	589.465411277515
1.43352601156069	581.22448578529
1.43187066974596	513.476594580725
1.43021914648212	554.951137577227
1.42857142857143	582.808394381024
1.42692750287687	578.281292005825
1.42528735632184	590.594095129408
1.42365097588978	583.583061603175
1.42201834862385	592.889475604656
1.42038946162658	588.319024544543
1.4187643020595	579.324506016936
1.41714285714286	572.284666243529
1.41552511415525	589.621707771603
1.4139110604333	593.06513571741
1.4123006833713	592.068446173221
1.41069397042093	583.566742524926
1.40909090909091	586.775083352251
1.40749148694665	568.730483982805
1.40589569160998	584.978495958408
1.40430351075878	584.306210000511
1.4027149321267	588.012590435406
1.40112994350282	596.405327296363
1.39954853273138	574.5142782861
1.39797068771139	577.778799466362
1.3963963963964	586.497142402398
1.39482564679415	595.639158979384
1.39325842696629	590.195997784411
1.39169472502806	592.745855658029
1.39013452914798	583.149602391069
1.38857782754759	561.601988143086
1.38702460850112	548.699859473472
1.3854748603352	525.555002680788
1.38392857142857	493.685227420894
1.38238573021182	431.931149123085
1.38084632516704	466.802641920537
1.37931034482759	357.634524069221
1.37777777777778	485.08421406482
1.37624861265261	392.367273971797
1.37472283813747	438.236149312018
1.37320044296788	453.004544822108
1.3716814159292	556.608314836005
1.37016574585635	539.689826970346
1.36865342163355	513.405095477566
1.36714443219405	423.623320483412
1.36563876651982	433.62038658826
1.36413641364136	469.319715904167
1.36263736263736	417.167639430851
1.36114160263447	447.138847007405
1.35964912280702	462.106366084957
1.35815991237678	422.389818067193
1.35667396061269	422.069250019248
1.3551912568306	458.014890569417
1.35371179039301	390.065286796101
1.35223555070883	495.153478940352
1.35076252723312	402.814221390926
1.34929270946681	503.173142495645
1.34782608695652	507.934231669627
1.34636264929425	533.904746017193
1.34490238611714	480.063115789207
1.34344528710726	511.870581171887
1.34199134199134	496.772396371862
1.34054054054054	490.672052260103
1.33909287257019	486.346666856869
1.33764832793959	545.686346700661
1.33620689655172	409.533590156456
1.33476856835307	383.683360203699
1.33333333333333	301.388961053371
1.33190118152524	286.03737124733
1.33047210300429	210.752848827875
1.32904608788853	174.385166487325
1.32762312633833	101.164890664286
1.32620320855615	176.846794325773
1.32478632478632	114.047617844365
1.32337246531483	115.679193331451
1.32196162046908	142.321489960813
1.32055378061768	283.621882780038
1.31914893617021	336.20179411728
1.31774707757705	265.607899838511
1.31634819532909	290.052770147501
1.31495227995758	199.607192536145
1.3135593220339	205.384750621895
1.31216931216931	265.177318143065
1.3107822410148	140.450924889653
1.30939809926082	268.405552297347
1.30801687763713	198.750768374783
1.30663856691254	358.757826975523
1.30526315789474	107.178872663406
1.30389064143007	352.846750368317
1.30252100840336	196.543202153535
1.30115424973767	251.67577391351
1.29979035639413	311.280876094764
1.29842931937173	250.93125382212
1.29707112970711	241.904959151887
1.2957157784744	199.913064453206
1.29436325678497	341.20747911066
1.29301355578728	277.275678892511
1.29166666666667	312.644549331525
1.29032258064516	343.489330847129
1.28898128898129	329.681098734907
1.28764278296989	377.699951672934
1.28630705394191	343.688733873538
1.28497409326425	378.301656089787
1.28364389233954	378.341089454304
1.282316442606	378.860874061404
1.28099173553719	492.76754104893
1.2796697626419	519.62268608886
1.27835051546392	481.534666098416
1.27703398558187	542.869698904452
1.27572016460905	523.934691075508
1.27440904419322	463.040887832206
1.27310061601643	440.130957577781
1.27179487179487	452.212662007925
1.27049180327869	439.343801670579
1.26919140225179	491.611939364274
1.2678936605317	474.453389925413
1.26659856996936	493.248002492838
1.26530612244898	468.333186946283
1.26401630988787	553.65104278694
1.26272912423625	538.293579875306
1.26144455747711	521.054393978172
1.26016260162602	575.736004120244
1.25888324873096	538.449992312639
1.25760649087221	588.670977324849
1.25633232016211	580.791752498702
1.25506072874494	578.30082914823
1.25379170879676	590.862418023793
1.25252525252525	578.787055068984
1.25126135216953	596.834405390907
1.25	596.007911828614
1.24874118831823	586.284115863264
1.24748490945674	600.867739687676
1.24623115577889	600.209069153815
1.24497991967871	599.080094238168
1.24373119358074	592.964897302385
1.24248496993988	593.480281509715
1.24124124124124	594.428765389769
1.24	592.998447706496
1.23876123876124	601.538412786892
1.2375249500998	589.486450609537
1.23629112662014	595.831609467541
1.23505976095618	588.029471810571
1.23383084577114	555.300516952979
1.23260437375746	581.527421863261
1.23138033763654	594.958982066336
1.23015873015873	595.584020293075
1.22893954410307	590.912370360774
1.22772277227723	591.607091671233
1.22650840751731	595.779582668248
1.22529644268775	593.646819299575
1.22408687068115	593.860651973695
1.22287968441815	597.579317392561
1.22167487684729	588.364942295312
1.22047244094488	592.12213567784
1.21927236971485	586.682217409862
1.21807465618861	596.904346578789
1.21687929342493	576.774530159756
1.2156862745098	586.44845194921
1.21449559255632	589.94440066076
1.2133072407045	580.950587953886
1.21212121212121	586.628607380843
1.2109375	583.970740757702
1.20975609756098	591.000433783476
1.20857699805068	591.160919742404
1.20740019474197	589.498403199216
1.20622568093385	591.328757238539
1.20505344995141	586.01572524325
1.20388349514563	590.808530051952
1.20271580989331	589.221742237949
1.2015503875969	590.803339646184
1.20038722168441	581.84596526328
1.19922630560928	586.439153102584
1.19806763285024	589.465929937448
1.1969111969112	590.328565921259
1.19575699132112	585.354769271824
1.19460500963391	583.660313828372
1.1934552454283	588.824929244429
1.19230769230769	585.894208238765
1.1911623439001	587.073905602281
1.19001919385797	588.412498420824
1.1888782358581	583.620687778875
1.18773946360153	587.447596817617
1.1866028708134	585.218188234191
1.18546845124283	571.003528056845
1.18433619866285	580.759399470489
1.18320610687023	587.006522230284
1.18207816968541	584.772858722512
1.18095238095238	582.038456235203
1.17982873453853	583.664295696981
1.1787072243346	581.178729227647
1.17758784425451	580.504701951728
1.17647058823529	579.161997926205
1.17535545023697	582.065671284929
1.17424242424242	581.317076478399
1.17313150425733	580.985979296726
1.17202268431002	576.091812543682
1.17091595845137	559.608509909806
1.16981132075472	576.160636944165
1.16870876531574	563.957509541548
1.16760828625235	575.43541710064
1.16650987770461	567.160939462373
1.16541353383459	576.965738191488
1.16431924882629	575.462182522511
1.16322701688555	565.546405277453
1.16213683223993	569.536812734979
1.16104868913858	569.795387929074
1.1599625818522	540.284927517389
1.1588785046729	558.312716729226
1.1577964519141	570.383144817921
1.15671641791045	570.290334762483
1.15563839701771	560.463633090703
1.15456238361266	578.206238105519
1.15348837209302	552.20091337327
1.15241635687732	573.947275770345
1.15134633240483	565.314239417452
1.15027829313544	565.305527972514
1.14921223354958	567.791338158951
1.14814814814815	561.770632677431
1.14708603145236	547.365732990011
1.1460258780037	556.470096230078
1.1449676823638	565.766120976496
1.14391143911439	548.219046474032
1.14285714285714	563.262713045802
1.14180478821363	527.017429780009
1.14075436982521	540.251953466608
1.13970588235294	566.257734221857
1.1386593204775	553.928859648408
1.13761467889908	532.468616639455
1.13657195233731	564.758059010464
1.13553113553114	558.956420173235
1.13449222323879	491.905072355004
1.13345521023766	520.863594114726
1.1324200913242	503.463477848537
1.13138686131387	487.488988156934
1.13035551504102	561.447058266388
1.12932604735883	488.958645567873
1.12829845313922	494.53477297123
1.12727272727273	474.016259166465
1.12624886466848	485.817606467598
1.12522686025408	459.151239465761
1.12420670897552	457.571333932129
1.1231884057971	459.659524490061
1.12217194570136	498.68893732267
1.12115732368897	392.539350771351
1.12014453477868	477.370431805594
1.11913357400722	411.513875682335
1.11812443642922	409.41044375301
1.11711711711712	475.937124299502
1.11611161116112	330.020736378095
1.11510791366906	412.41626080403
1.1141060197664	268.232746636798
1.11310592459605	300.090061711567
1.11210762331839	250.519207723314
1.11111111111111	202.245454581573
1.1101163831692	80.1114861000291
1.10912343470483	219.270367725093
1.10813226094727	114.2795882452
1.10714285714286	143.537379100557
1.10615521855486	188.353778123268
1.10516934046346	82.9297816435376
1.10418521816563	130.353613555281
1.10320284697509	110.748880414962
1.10222222222222	147.261207255909
1.101243339254	52.7486159230434
1.1002661934339	161.070372922138
1.09929078014184	101.815080265509
1.09831709477414	108.86844752286
1.09734513274336	72.6739554063684
1.09637488947834	304.934678868511
1.09540636042403	241.930151085942
1.09443954104148	158.711165662357
1.09347442680776	43.2868249460358
1.09251101321586	16.063292588176
1.09154929577465	134.003088703654
1.0905892700088	300.098856890157
1.0896309314587	212.313552903707
1.08867427568042	312.29782644882
1.08771929824561	268.293333171749
1.08676599474145	203.019411273327
1.08581436077058	236.421175926154
1.08486439195101	328.539455844357
1.08391608391608	119.537944633614
1.08296943231441	154.404507911712
1.08202443280977	166.960155077021
1.08108108108108	62.7840922499263
1.0801393728223	288.163206577687
1.07919930374238	232.67417039599
1.07826086956522	129.732644269504
1.07732406602954	217.309530664433
1.07638888888889	265.013413112442
1.07545533391154	255.288743891314
1.07452339688042	153.018063702301
1.07359307359307	336.904980179774
1.07266435986159	302.722419175677
1.07173725151253	339.60572586809
1.07081174438687	337.089350213277
1.06988783433995	364.992324663527
1.06896551724138	310.876192670234
1.06804478897502	377.775612007136
1.0671256454389	381.138038487562
1.06620808254514	511.106126858485
1.06529209621993	439.116273491986
1.06437768240343	425.335689017069
1.06346483704974	411.089187310172
1.06255355612682	450.256897522695
1.06164383561644	461.568579621755
1.06073567151411	466.28261739471
1.05982905982906	506.414397744875
1.05892399658412	495.757615729869
1.0580204778157	503.82707687255
1.05711849957374	506.451508276762
1.05621805792164	374.489947051578
1.05531914893617	503.704125000853
1.05442176870748	531.764033032233
1.053525913339	527.708419543784
1.05263157894737	402.874945393259
1.05173876166243	542.237880671268
1.05084745762712	494.850927208149
1.04995766299746	511.943435319886
1.04906937394247	364.130122880192
1.04818258664413	495.12436866978
1.0472972972973	474.651371697478
1.0464135021097	461.365975547273
1.04553119730186	541.254455253647
1.04465037910699	517.851565184805
1.04377104377104	381.335045133148
1.04289318755257	473.925922701327
1.04201680672269	528.055455611153
1.04114189756507	510.880609924628
1.04026845637584	542.401953572419
1.03939647946354	521.481659641976
1.03852596314908	539.095943968504
1.03765690376569	514.732567099414
1.03678929765886	497.541217714155
1.0359231411863	551.341148970652
1.03505843071786	502.227491511401
1.03419516263553	423.036173980064
1.03333333333333	520.54702445954
1.03247293921732	508.42175707085
1.03161397670549	509.373638127496
1.03075644222776	506.62686316451
1.02990033222591	423.742690380614
1.02904564315353	511.626695390953
1.02819237147595	564.014729190151
1.02734051367026	505.031832122085
1.02649006622517	510.10557875988
1.02564102564103	488.34162866691
1.02479338842975	535.292450376531
1.02394715111478	499.467360865634
1.02310231023102	503.337082542306
1.02225886232481	557.172757326204
1.02141680395387	515.910447661235
1.02057613168724	509.296291813837
1.01973684210526	556.163994450716
1.01889893179951	543.797124823501
1.01806239737274	549.548492219745
1.01722723543888	535.220180751196
1.01639344262295	549.806318835155
1.01556101556102	559.436620811373
1.01472995090016	543.59008088161
1.01390024529845	535.63845248693
1.01307189542484	541.371729688593
1.01224489795918	559.538031263653
1.01141924959217	567.518798630443
1.01059494702526	525.768202856565
1.00977198697068	567.413978162896
1.00895036615134	569.105880903353
1.00813008130081	561.272229949843
1.00731112916328	576.849984196111
1.00649350649351	570.810494433117
1.00567721005677	556.583702166562
1.00486223662885	577.36861842719
1.00404858299595	572.007078462107
1.00323624595469	577.911099845845
1.00242522231205	571.825126446467
1.0016155088853	578.41091547296
1.00080710250202	572.846233620287
1	571.353304367041
0.999194198227236	573.765610608793
0.998389694041868	575.31266584132
0.997586484312148	570.096668511379
0.996784565916399	568.193827218258
0.995983935742972	570.695210726832
0.995184590690209	575.243233055333
0.994386527666399	573.671415347304
0.993589743589744	576.023761818593
0.992794235388311	578.280792410358
0.992	575.918351288074
0.991207034372502	571.198627820326
0.990415335463259	570.076958417813
0.989624900239425	566.885717327984
0.988835725677831	562.591489464156
0.98804780876494	572.46928168768
0.987261146496815	560.061980117917
0.986475735879077	554.697685611657
0.985691573926868	567.883737191272
0.984908657664813	546.14845522487
0.984126984126984	551.945619686715
0.98334655035686	527.636672562241
0.98256735340729	508.193388636393
0.981789390340459	514.813718588597
0.981012658227848	478.637545520926
0.980237154150198	510.651108831845
0.979462875197472	497.977570733203
0.978689818468824	502.583600175989
0.977917981072555	480.413960354671
0.977147360126083	320.149318170144
0.976377952755906	503.951887255511
0.975609756097561	531.85650150792
0.974842767295597	533.398345141187
0.974076983503535	530.917889448798
0.973312401883831	531.608355697814
0.972549019607843	540.558227116488
0.971786833855799	547.446486044753
0.971025841816758	552.355398686616
0.970266040688576	563.257587591477
0.969507427677873	560.089384626825
0.96875	557.635908017039
0.967993754879001	547.007624024208
0.967238689547582	494.447599392973
0.966484801247077	540.725546130109
0.965732087227414	559.451335264791
0.964980544747082	564.597625075593
0.964230171073095	569.677882494733
0.963480963480963	563.871948120361
0.962732919254658	561.751752210725
0.961986035686579	548.514883957683
0.961240310077519	554.049908533151
0.960495739736638	561.643144833737
0.959752321981424	533.328451904792
0.959010054137664	556.252368033896
0.958268933539413	545.824196646263
0.957528957528958	547.925911257502
0.95679012345679	527.682493781004
0.956052428681573	503.711747319609
0.955315870570108	532.383083250453
0.954580446497306	555.915525843069
0.953846153846154	481.267127282624
0.953112990007686	494.511197678105
0.952380952380952	535.642048848483
0.951650038372985	474.02977033271
0.950920245398773	412.240096620014
0.950191570881226	527.13979389518
0.949464012251149	528.924592110206
0.948737566947207	421.468008867311
0.948012232415902	478.709531913132
0.947288006111536	530.804623842068
0.946564885496183	416.762097750503
0.945842868039664	462.473344914639
0.945121951219512	462.776570266046
0.944402132520944	435.884956466742
0.943683409436834	401.474291543625
0.942965779467681	398.571373795825
0.942249240121581	452.781392688512
0.941533788914199	436.656462713297
0.94081942336874	466.892880006901
0.940106141015921	376.783543168593
0.939393939393939	363.542377386477
0.938682816048448	420.300468375198
0.937972768532526	425.884106355669
0.937263794406652	328.595178472685
0.936555891238671	371.07860140082
0.935849056603774	456.23477345504
0.935143288084465	397.752185222475
0.934438583270535	378.101708830931
0.933734939759036	333.515617277924
0.933032355154251	252.956385569314
0.932330827067669	327.003133519217
0.931630353117956	206.872065567256
0.930930930930931	208.599548271027
0.930232558139535	290.950482378202
0.929535232383808	242.894406916645
0.928838951310861	332.254737715628
0.92814371257485	264.106339357859
0.927449513836948	237.198252682321
0.926756352765321	257.043715652158
0.926064227035101	255.649622728898
0.925373134328358	243.723100715114
0.924683072334079	247.103465729227
0.923994038748137	258.495752947931
0.923306031273269	184.888084074456
0.922619047619048	110.193491159129
0.921933085501859	159.077072293232
0.921248142644874	85.0130896997344
0.920564216778025	87.9678783319124
0.919881305637982	6.95348195140147
0.919199406968125	23.7145865988809
0.918518518518519	23.5528113296185
0.917838638045892	6.81475279794022
0.917159763313609	2.2353438465994
0.916481892091648	0.141865920946905
0.915805022156573	0.428891327644949
0.915129151291513	0.00533541545685685
0.914454277286136	0.0712804904411418
0.913780397936625	0.106604767645275
0.913107511045655	0.00623861201368602
0.912435614422369	0.00109381240897455
0.911764705882353	0.00319263990068315
0.911094783247612	7.19012365363745E-6
0.910425844346549	2.70416835225955E-8
0.90975788701394	0.00472875882691954
0.909090909090909	0.00203888822279725
0.908424908424908	1.36381702590054E-8
0.907759882869693	0.0192478876760471
0.907095830285296	0.00749945128770007
0.906432748538012	2.23513845874994E-10
0.905770635500365	7.80903410561081E-4
0.905109489051095	4.41978520451088E-4
0.904449307075128	2.99089512000064E-5
0.903790087463557	0.00417432739801413
0.90313182811362	0.0675011238900442
0.902474526928675	0.272782143131057
0.901818181818182	0.492963931341291
0.901162790697674	0.393149335755237
0.900508351488744	0.18762453167738
0.899854862119013	1.6981185125729
0.899202320522117	0.0799975334321943
0.898550724637681	0.125301512965661
0.897900072411296	0.00364758966750195
0.897250361794501	0.00395414843373199
0.896601590744758	6.78956542959906E-5
0.895953757225434	9.52921418309439E-4
0.895306859205776	0.00323297413985817
0.894660894660895	0.00390627317292614
0.894015861571738	0.308671030894304
0.893371757925072	0.00625534770019956
0.892728581713463	0.903946758397624
0.892086330935252	0.768599833195605
0.891445003594536	0.53652237218922
0.890804597701149	0.0371624230811235
0.890165111270639	0.181306316635942
0.889526542324247	0.118358433830899
0.888888888888889	0.00105361284195506
0.888252148997135	9.9350065285927E-6
0.887616320687187	0.0772095420117779
0.886981402002861	2.002313179185
0.886347390993567	1.28205800222779
0.885714285714286	5.13170914735743E-6
0.885082084225553	1.66647700282032E-5
0.884450784593438	2.90924482091425
0.883820384889522	3.7780654488584
0.883190883190883	1.17465089827473
0.882562277580071	5.80170796608051E-4
0.881934566145092	3.2598577995654
0.881307746979389	0.278698726844814
0.880681818181818	2.63683009369237
0.880056777856636	0.991341068181775
0.879432624113475	0.747988600859356
0.878809355067328	3.39451141917906
0.878186968838527	4.24409103732916
0.877565463552725	37.6014143585878
0.876944837340877	0.586563203971404
0.876325088339223	0.296554581369629
0.875706214689266	57.5077661069396
0.875088214537756	19.0408910848381
0.874471086036671	21.9865607650803
0.873854827343199	3.48182757609521
0.873239436619718	13.4509789183715
0.872624912033779	14.9223147698358
0.872011251758087	75.5246396989638
0.871398453970485	15.0559609058771
0.870786516853933	27.759199592739
0.870175438596491	42.3318700345332
0.869565217391304	45.5759814956405
0.86895585143658	81.3642681690055
0.868347338935574	7.49694168104366
0.867739678096571	62.6114480534704
0.867132867132867	101.586738027757
0.866526904262753	82.8284127895363
0.865921787709497	4.16639401749104
0.865317515701326	59.3423646803129
0.864714086471409	34.7622755123828
0.86411149825784	35.5647154505435
0.863509749303621	63.7768037738836
0.862908837856646	49.7589614555209
0.86230876216968	22.1175348222292
0.861709520500347	85.2316552106594
0.861111111111111	66.2229182610062
0.860513532269257	53.2515507645741
0.859916782246879	60.9000521850085
0.859320859320859	75.671081501913
0.858725761772853	103.905081697733
0.858131487889273	83.7750482623327
0.857538035961272	38.9432085582666
0.856945404284727	61.1508826146994
0.856353591160221	195.618589348089
0.85576259489303	172.928781299708
0.855172413793103	46.4786928487397
0.854583046175052	19.1370262525397
0.853994490358127	106.028710951607
0.853406744666208	139.57438576643
0.852819807427785	234.581015323793
0.852233676975945	112.936159003834
0.851648351648352	151.316874400669
0.851063829787234	200.300550672753
0.850480109739369	233.884857533223
0.849897189856066	279.937985487901
0.849315068493151	146.841070129896
0.848733744010951	155.399607561676
0.848153214774282	225.120528765951
0.847573479152427	74.6106514858678
0.846994535519126	262.44936511468
0.84641638225256	161.62935849517
0.845839017735334	112.998513664802
0.845262440354465	62.5735594316838
0.844686648501362	133.718889163733
0.844111640571818	165.057480061691
0.843537414965986	86.5717009616893
0.842963970088375	31.1452686064372
0.842391304347826	81.7277332094976
0.841819416157502	122.830836805737
0.841248303934871	170.552867385272
0.840677966101695	323.939187305846
0.840108401084011	120.83686120763
0.839539607312119	122.686054928281
0.838971583220568	111.831194614044
0.838404327248141	211.704925182397
0.837837837837838	107.112046064145
0.837272113436867	203.928973989136
0.836707152496626	103.598914905638
0.836142953472691	263.541529892814
0.835579514824798	244.147854700008
0.835016835016835	222.353677420035
0.834454912516824	219.750542822976
0.833893745796907	108.113398685644
0.833333333333333	168.167367787865
0.832773673606447	339.236504987826
0.832214765100671	312.925856659662
0.831656606304494	354.58049131377
0.831099195710456	295.150180803996
0.830542531815137	326.39303828562
0.829986613119143	366.6109533216
0.82943143812709	328.998423659045
0.828877005347594	304.152797624921
0.828323313293253	412.959045205763
0.827770360480641	343.259326223406
0.827218145430287	394.293280430085
0.826666666666667	454.734696736633
0.826115922718188	482.431660943899
0.825565912117177	424.928157212898
0.825016633399867	336.901161939769
0.824468085106383	292.40128670946
0.823920265780731	336.136136627861
0.823373173970784	471.40273236274
0.822826808228268	467.285423447081
0.822281167108753	445.678698894154
0.821736249171637	343.213971648582
0.821192052980132	497.42825594534
0.820648577101257	487.445057513867
0.82010582010582	480.605207983074
0.819563780568407	447.475985020039
0.819022457067371	417.23403616027
0.818481848184819	491.861727976531
0.817941952506596	476.015760771075
0.817402768622281	462.650671829482
0.816864295125165	468.501292667523
0.816326530612245	454.716396437764
0.815789473684211	492.821935745251
0.815253122945431	513.153452725001
0.814717477003942	492.774637094871
0.814182534471438	523.838065167155
0.813648293963255	515.816556713465
0.813114754098361	485.454192935035
0.812581913499345	502.260295070692
0.812049770792403	493.046567254007
0.81151832460733	525.852232765631
0.810987573577502	513.644947398092
0.810457516339869	481.808817800123
0.809928151534944	509.866891554047
0.809399477806789	526.924436281502
0.808871493803001	525.243516568747
0.808344198174707	510.329883075944
0.807817589576547	507.081094789983
0.807291666666667	522.544642972305
0.806766428106701	520.786693057965
0.806241872561768	518.908381071602
0.805717998700455	521.359769872337
0.805194805194805	506.660412423462
0.804672290720311	515.227825673942
0.804150453955901	516.33777118779
0.803629293583927	522.402984052803
0.803108808290155	523.118780308094
0.802588996763754	533.325439598161
0.802069857697283	529.698434342581
0.801551389786684	527.06430240731
0.801033591731266	515.49388607425
0.800516462233699	529.066535561221
0.8	522.929881125156
0.799484203739523	524.924044114708
0.798969072164949	528.009844666033
0.798454603992273	527.717987849382
0.797940797940798	515.583216356539
0.797427652733119	521.804529030671
0.796915167095116	513.709043649662
0.796403339755941	529.071408903302
0.79589216944801	525.562081267097
0.795381654906992	525.452936197968
0.794871794871795	521.417060891721
0.794362588084561	530.614259735546
0.793854033290653	526.45399338395
0.793346129238644	525.374869265227
0.792838874680307	518.097557839257
0.792332268370607	527.925116436213
0.791826309067688	519.047699513359
0.791320995532865	520.958350898939
0.790816326530612	510.004524056669
0.790312300828553	505.294975449383
0.789808917197452	480.554850921345
0.789306174411203	467.871676759218
0.788804071246819	473.808433904038
0.788302606484425	467.068284636454
0.787801778907243	482.407269620651
0.787301587301587	479.599581244538
0.786802030456853	494.310190946216
0.786303107165504	433.245964745805
0.785804816223067	472.231145645813
0.785307156428119	475.966503674209
0.784810126582278	492.514272034494
0.784313725490196	501.321930188343
0.783817951959545	488.33265056138
0.783322804801011	500.267095247974
0.782828282828283	503.914250450807
0.782334384858044	524.202737873841
0.781841109709962	518.677354547328
0.781348456206679	513.928907969284
0.780856423173804	510.59081348968
0.780365009439899	473.075290605448
0.779874213836478	492.957821679865
0.779384035197989	493.945532457235
0.778894472361809	515.578121337618
0.778405524168236	528.668669465619
0.777917189460477	525.050090607337
0.777429467084639	529.791819412643
0.776942355889724	502.293246694112
0.776455854727614	507.859146608113
0.775969962453066	523.508043192345
0.775484677923702	499.028514675693
0.775	491.560003564743
0.774515927545284	461.436985022682
0.774032459425718	463.876308709839
0.773549594510293	464.124049359715
0.773067331670823	473.93636479496
0.772585669781931	491.998712698591
0.772104607721046	502.117693992367
0.771624144368388	485.165922754157
0.771144278606965	479.38919155334
0.770665009322561	474.494713454337
0.770186335403727	454.870551219716
0.769708255741775	474.69134030253
0.769230769230769	483.579390133034
0.768753874767514	497.67094652779
0.768277571251549	500.788162053331
0.767801857585139	507.003958298355
0.767326732673267	485.434703469924
0.766852195423624	494.786425643123
0.766378244746601	514.125148108811
0.765904879555281	509.433989840481
0.765432098765432	496.285439582054
0.764959901295497	496.495705402609
0.764488286066584	503.982701174849
0.764017252002465	515.055843140271
0.763546798029557	516.179924149374
0.763076923076923	506.4449948422
0.762607626076261	511.098271741951
0.762138905961893	514.011332390618
0.761670761670762	515.669330647246
0.761203192142419	516.538428638335
0.760736196319018	506.759495228609
0.76026977314531	510.706669299307
0.759803921568627	511.655298574143
0.759338640538885	500.36847214389
0.758873929008568	501.304458637304
0.758409785932722	503.75068596768
0.757946210268949	508.079632450302
0.757483200977398	490.569331158029
0.757020757020757	476.174151162907
0.756558877364247	477.167350482362
0.75609756097561	466.57930766645
0.755636806825107	476.899290006645
0.755176613885505	480.13336773434
0.754716981132076	468.810339044015
0.754257907542579	487.254073546064
0.753799392097264	476.215507844971
0.753341433778858	475.199672875092
0.752884031572556	498.068710010757
0.752427184466019	474.296348110695
0.751970891449363	479.521069490381
0.751515151515151	494.571568262008
0.751059963658389	458.438960064168
0.750605326876513	492.403902904053
0.750151240169389	490.884806082209
0.749697702539299	476.167773115087
0.749244712990937	491.057301453248
0.748792270531401	488.77588130436
0.748340374170187	492.067725840516
0.74788902291918	498.514448811687
0.747438215792646	490.970131883045
0.746987951807229	496.273371871708
0.746538229981939	498.028435535538
0.746089049338147	488.024864044493
0.745640408899579	495.90536892374
0.745192307692308	493.442771281378
0.744744744744745	473.467962617872
0.744297719087635	400.305754570249
0.743851229754049	472.140969333481
0.743405275779377	481.480552659424
0.742959856201318	483.338496666847
0.74251497005988	498.582043247649
0.742070616397367	492.671620324216
0.741626794258373	476.758549149256
0.741183502689779	488.208684442338
0.740740740740741	487.57214868118
0.740298507462687	483.290267147936
0.739856801909308	478.997113224846
0.739415623136553	481.474000458834
0.738974970202622	474.91836051471
0.738534842167957	484.305429192157
0.738095238095238	467.925381562184
0.737656157049375	443.164760628122
0.737217598097503	464.659585143325
0.736779560308972	477.54725826207
0.736342042755344	452.752373151573
0.735905044510386	488.185143245897
0.735468564650059	482.002153552092
0.735032602252519	470.134487037467
0.734597156398104	482.847651145283
0.734162226169331	476.633217461209
0.733727810650888	472.706345659945
0.733293908929627	445.132397219371
0.732860520094563	478.097036484205
0.732427643236858	488.509256437788
0.731995277449823	473.882117356318
0.731563421828909	485.81798795047
0.731132075471698	485.3243388556
0.730701237477902	420.520686000347
0.730270906949352	482.214606705631
0.729841082989994	478.406305343986
0.729411764705882	465.545152309045
0.72855464159812	476.47628808168
0.727272727272727	463.669273751795
0.725146198830409	443.094315917364
0.723032069970845	449.840210557006
0.720930232558139	446.096922573563
0.718840579710145	427.337026520098
0.716763005780347	420.139305845461
0.714697406340058	392.153607732724
0.71264367816092	410.629383158964
0.710601719197708	380.160553441488
0.708571428571429	409.139049963439
0.706552706552707	380.059186771352
0.704545454545455	399.639315153498
0.702549575070821	333.730165909848
0.700564971751412	358.059214320412
0.698591549295775	291.787764412254
0.696629213483146	256.79303746965
0.694677871148459	197.804955370801
0.692737430167598	229.723032846997
0.690807799442897	121.945531811105
0.688888888888889	83.1632661742801
0.686980609418283	38.9254145362977
0.685082872928177	25.6039754844745
0.683195592286501	8.7179842434272
0.681318681318681	2.63802585249771
0.679452054794521	3.42301402343869
0.677595628415301	0.0140548103780429
0.67574931880109	0.0174307747544823
0.673913043478261	1.7119896862623E-4
0.672086720867209	0.0172007129131674
0.67027027027027	0.00827828820893673
0.668463611859838	7.87992662269658E-4
0.666666666666667	0.0311112085601124
0.664879356568365	0.0476347276854877
0.663101604278075	7.51887933393999E-7
0.661333333333333	1.27951403972584E-6
0.659574468085106	0.220913673326634
0.657824933687003	0.125766642756155
0.656084656084656	0.643350810253831
0.654353562005277	0.374942572342546
0.652631578947368	0.00251013705824027
0.650918635170604	0.0016584308173909
0.649214659685864	0.0677985842170267
0.647519582245431	0.0589918916050052
0.645833333333333	1.33985424749893
0.644155844155844	2.79759013137849
0.642487046632124	1.65943860608345
0.640826873385013	10.8506752554347
0.639175257731959	9.96167679426175
0.637532133676093	33.1410427425781
0.635897435897436	51.2937508088667
0.634271099744246	30.9336632990666
0.63265306122449	67.8660236372645
0.631043256997455	88.9418394952751
0.629441624365482	152.878891985966
0.627848101265823	213.454853033058
0.626262626262626	238.739088600484
0.624685138539043	263.940364868944
0.623115577889447	273.415446618418
0.621553884711779	260.594664413283
0.62	123.083548771632
0.618453865336658	48.6324493277816
0.616915422885572	129.50441486694
0.615384615384615	87.2553165915418
0.613861386138614	148.01612253783
0.612345679012346	244.747146623176
0.610837438423645	282.001754061375
0.609336609336609	321.899248371605
0.607843137254902	301.315831889963
0.606356968215159	307.155441805214
0.604878048780488	230.211669551762
0.603406326034063	186.990970714886
0.601941747572815	236.795682397421
0.600484261501211	212.780831611961
0.599033816425121	226.947061081407
0.597590361445783	268.902938733241
0.596153846153846	302.889075513614
0.594724220623501	298.352075414324
0.593301435406699	313.868299353918
0.591885441527446	317.661931903156
0.59047619047619	306.32704490113
0.589073634204275	332.872734948702
0.587677725118483	321.893168185909
0.58628841607565	330.703937077582
0.584905660377358	317.463287685244
0.583529411764706	322.764376873085
0.582159624413146	328.463382599945
0.5807962529274	330.9997882991
0.579439252336449	335.222149262344
0.578088578088578	332.037294655797
0.576744186046512	315.518349470062
0.575406032482599	317.740362605105
0.574074074074074	316.695583888412
0.572748267898383	288.452583425023
0.571428571428571	311.378994902434
0.570114942528736	306.909938536578
0.568807339449541	313.534936678175
0.567505720823799	287.030275857879
0.5662100456621	305.82019526017
0.564920273348519	306.922931083213
0.563636363636364	277.916756367587
0.562358276643991	290.19155508259
0.561085972850679	312.404336653879
0.559819413092551	301.783483750466
0.558558558558559	308.938330001047
0.557303370786517	301.240750251827
0.556053811659193	303.879488162944
0.554809843400447	299.305847373278
0.553571428571429	295.867674538714
0.552338530066815	287.922868037467
0.551111111111111	293.693636439377
0.549889135254989	277.584226794502
0.548672566371681	275.681988346577
0.547461368653422	281.900988538859
0.54625550660793	269.558297844319
0.545054945054945	267.21598447983
0.543859649122807	277.895675132449
0.542669584245077	265.608073265476
0.541484716157205	267.363817863008
0.540305010893246	260.228582206254
0.539130434782609	250.950117280805
0.537960954446855	253.529176880401
0.536796536796537	274.85146358516
0.535637149028078	251.282165383376
0.53448275862069	225.847517185492
0.533333333333333	245.06162412658
0.532188841201717	248.783069405105
0.531049250535332	254.877660689181
0.52991452991453	202.402374686932
0.528784648187633	227.942858958575
0.527659574468085	184.985451246997
0.526539278131635	212.327222275182
0.525423728813559	225.644566749014
0.52431289640592	222.866879524205
0.523206751054852	139.593188860758
0.522105263157895	200.819370988023
0.521008403361345	194.379772461911
0.519916142557652	141.407068427077
0.518828451882845	170.943358085665
0.517745302713987	187.780313971201
0.516666666666667	205.083334120591
0.515592515592516	156.723344563461
0.514522821576763	158.378041300506
0.513457556935818	128.402682025143
0.512396694214876	125.58166803875
0.511340206185567	156.870003675519
0.510288065843621	214.761603221246
0.509240246406571	71.1409505080288
0.508196721311475	207.650461594163
0.507157464212679	100.266643943048
0.506122448979592	65.8869464791901
0.505091649694501	120.797790501035
0.504065040650406	162.821776039098
0.503042596348884	118.32927194272
0.502024291497976	82.297973520004
0.501010101010101	81.2878189667074
0.5	39.8758156169788
0.498993963782696	27.9388359733109
0.497991967871486	17.5567372110404
0.496993987975952	14.4440282624121
0.496	35.6057535689243
0.49500998003992	7.68739155209934
0.49402390438247	11.2603831285059
0.493041749502982	2.64638559674342
0.492063492063492	1.89763794867748
0.491089108910891	0.212827060321594
0.490118577075099	0.00328267232387602
0.489151873767258	9.07028189782966E-4
0.488188976377953	0.00196232184387041
0.487229862475442	2.80799192330292E-7
0.486274509803922	1.47994415014008E-9
0.4853228962818	5.49352923852653E-6
0.484375	1.63945274065857E-7
0.483430799220273	8.46542420092522E-11
0.482490272373541	8.12720164475898E-15
0.481553398058252	5.76755919660086E-24
0.48062015503876	2.05134680437794E-18
0.479690522243714	9.265635152582E-31
0.478764478764479	2.9641609769988E-27
0.477842003853565	1.24025209975998E-29
0.476923076923077	2.4484219778565E-24
0.476007677543186	3.17700062972694E-31
0.475095785440613	3.26578910194224E-30
0.474187380497132	6.17423924896896E-34
0.473282442748092	3.1279992473125E-25
0.472380952380952	2.14981380287064E-24
0.47148288973384	1.56332687057861E-41
0.470588235294118	2.18526236088331E-12
0.46969696969697	6.60424077657871E-13
0.468809073724008	5.07706975570968E-15
0.467924528301887	8.09567538051117E-16
0.467043314500942	7.46569378969618E-24
0.466165413533835	1.4874698223756E-21
0.465290806754221	6.37079370017369E-34
0.464419475655431	0
0.463551401869159	0
0.462686567164179	0
0.461824953445065	0
0.460966542750929	5.96743265323033E-26
0.460111317254174	4.17529128081355E-29
0.459259259259259	0
0.458410351201479	1.72982279341117E-38
0.457564575645756	6.6629765099228E-32
0.456721915285451	2.29202885761007E-22
0.455882352941176	3.34430670366458E-41
0.455045871559633	4.36763340050459E-18
0.454212454212454	3.65034873963436E-15
0.453382084095064	3.31107673419914E-17
0.452554744525547	1.41154619531461E-23
0.451730418943534	7.98832091556548E-20
0.450909090909091	1.0153239550872E-24
0.450090744101633	4.11708810615602E-40
0.449275362318841	0
0.448462929475588	1.65093269306715E-23
0.447653429602888	5.18482484621956E-20
0.446846846846847	2.48344506157972E-34
0.446043165467626	2.99580669657907E-30
0.44524236983842	2.43106977206974E-23
0.444444444444444	7.63969750154495E-13
0.443649373881932	2.28091632863484E-12
0.442857142857143	1.04221146534886E-8
0.442067736185383	4.28159033198975E-10
0.441281138790036	2.56195935242363E-6
0.440497335701599	1.83311128311328E-6
0.439716312056738	1.31778618913751E-7
0.438938053097345	0.00113305270436804
0.438162544169611	0.025194383338923
0.437389770723104	1.37902864091977E-6
0.436619718309859	0.00127546722894821
0.43585237258348	0.264850165068003
0.435087719298246	0.00757617653879167
0.434325744308231	0.00294928291413062
0.433566433566434	0.167259189261981
0.432809773123909	1.10962996366567
0.43205574912892	0.0419343466880343
0.431304347826087	2.61099744945971
0.430555555555556	1.65379200634844
0.429809358752166	3.04280200017226
0.429065743944637	1.25436089629509
0.42832469775475	18.0076664963675
0.427586206896552	5.50392365688155
0.426850258175559	0.755154647423359
0.426116838487972	18.5887966626416
0.425385934819897	8.62123450676987
0.424657534246575	19.9049662173013
0.423931623931624	7.47580275920165
0.42320819112628	40.7490904439083
0.422487223168654	45.087708197585
0.421768707482993	11.3433011775802
0.421052631578947	10.1341234093801
0.420338983050847	36.6879596069986
0.419627749576988	16.450669519703
0.418918918918919	32.4821338101476
0.418212478920742	52.7323235975467
0.417508417508417	2.50633835608737
0.416806722689076	6.09756503133248
0.416107382550336	9.58292914054913
0.415410385259631	50.0322195385996
0.414715719063545	74.116118889278
0.414023372287145	30.9284205607744
0.413333333333333	56.955334778847
0.412645590682196	21.0500983366216
0.411960132890365	50.0342712751643
0.411276948590381	40.7233683156767
0.410596026490066	4.66087995726752
0.409917355371901	55.3692537996867
0.409240924092409	44.9811094867094
0.408566721581549	18.5605697889505
0.407894736842105	15.0861272186849
0.407224958949097	31.4724605378493
0.40655737704918	7.74281057839978
0.405891980360065	2.17872876992179
0.405228758169935	47.5820660249532
0.404567699836868	22.0559158468358
0.403908794788274	13.2951547778856
0.403252032520325	45.9214276240266
0.402597402597403	27.7124559731645
0.40194489465154	13.5627776398286
0.401294498381877	18.3299939933358
0.40064620355412	5.06064746039191
0.4	34.1076607162921
0.399355877616747	7.16505107366517
0.398713826366559	6.59643293330764
0.398073836276083	17.7451175263845
0.397435897435897	77.0876108527316
0.3968	23.8540517204962
0.396166134185303	45.5191225057707
0.395534290271132	90.720620060731
0.394904458598726	26.4308149732806
0.394276629570747	25.9375498390987
0.393650793650794	53.4085166440067
0.393026941362916	45.2473471325203
0.392405063291139	74.344207969628
0.391785150078989	113.234738121436
0.391167192429022	101.428792876695
0.390551181102362	75.0370494422655
0.389937106918239	86.6157413302757
0.389324960753532	66.1197218517082
0.38871473354232	34.7857578767194
0.38810641627543	22.1669975520247
0.3875	3.62057374822159
0.386895475819033	2.56576288299131
0.386292834890966	1.13294944879155
0.385692068429238	4.14714935528719
0.385093167701863	13.4529637841434
0.384496124031008	1.66703129649031
0.38390092879257	2.86735726830533
0.383307573415765	61.5589930100975
0.382716049382716	31.71621426671
0.382126348228043	6.23384340120915
0.381538461538462	22.2041908679701
0.380952380952381	84.9120676004706
0.380368098159509	10.4972987147436
0.379785604900459	21.0323969293296
0.379204892966361	10.5083337342443
0.378625954198473	51.2622985222479
0.378048780487805	24.8518389452797
0.377473363774734	96.8422882698959
0.376899696048632	76.441514503697
0.376327769347496	10.7116529157248
0.375757575757576	15.6271090928779
0.375189107413011	34.7210343848559
0.374622356495468	34.6662466331127
0.374057315233786	0.142974760351551
0.373493975903614	0.533224982240161
0.372932330827068	31.3720369801637
0.372372372372372	41.6870007468027
0.371814092953523	81.3480994863303
0.37125748502994	31.1294403833546
0.370702541106129	31.9499967837692
0.370149253731343	72.653731789953
0.369597615499255	32.9582811201873
0.369047619047619	47.7093605304437
0.36849925705795	65.6626619917033
0.367952522255193	36.0754647667795
0.367407407407407	77.676510375684
0.366863905325444	47.0932804334807
0.366322008862629	69.2074978353617
0.365781710914454	91.3360060062853
0.365243004418262	88.7362174428066
0.364705882352941	116.615856024708
0.36417033773862	41.6953707611829
0.363636363636364	66.3944016992104
0.363103953147877	68.4439145559697
0.362573099415205	124.179599128304
0.362043795620438	94.6583278174997
0.361516034985423	82.441372160758
0.36098981077147	109.932330314544
0.36046511627907	76.6777099902463
0.359941944847605	108.324157528294
0.359420289855072	107.05502822953
0.3589001447178	79.9865220888413
0.358381502890173	120.970770431289
0.357864357864358	95.0609740840561
0.357348703170029	119.088073424146
0.356834532374101	106.567111664008
0.35632183908046	109.618365954958
0.355810616929699	118.454811815707
0.355300859598854	102.342040082859
0.354792560801145	120.820072136256
0.354285714285714	117.728119242166
0.353780313837375	116.994742311122
0.353276353276353	118.858847169353
0.352773826458037	114.524664845598
0.352272727272727	121.125835186666
0.35177304964539	114.515863537992
0.351274787535411	111.816186572685
0.350777934936351	95.2895127458906
0.350282485875706	91.2682123772972
0.349788434414669	96.717192774778
0.349295774647887	107.100643029479
0.348804500703235	92.3195117644211
0.348314606741573	110.33157570089
0.347826086956522	111.215676995447
0.34733893557423	85.6948387731827
0.346853146853147	89.0972141490343
0.346368715083799	105.290584703156
0.345885634588563	95.0139704732266
0.345403899721448	98.2434425295103
0.344923504867872	100.786285969877
0.344444444444444	107.254170853395
0.343966712898752	108.568927875462
0.343490304709141	99.6185829943178
0.343015214384509	99.8304387824843
0.342541436464088	122.737180000903
0.342068965517241	108.505247719577
0.341597796143251	105.786851710529
0.341127922971114	109.744071008964
0.340659340659341	122.665330511564
0.340192043895748	113.563072866792
0.33972602739726	108.760737474168
0.339261285909713	118.270155282954
0.33879781420765	117.902577172584
0.338335607094134	111.064711624501
0.337874659400545	85.8129613913922
0.337414965986395	52.5912017472036
0.33695652173913	90.987215758024
0.336499321573948	103.355153277605
0.336043360433604	106.427112066776
0.335588633288227	111.558134828833
0.335135135135135	120.096314655838
0.33468286099865	119.225542136874
0.334231805929919	103.940883074983
0.333781965006729	102.678619213892
0.333333333333333	115.795856880899
0.332885906040268	119.710522318953
0.332439678284182	104.017729349629
0.331994645247657	96.567929740101
0.331550802139037	99.8238253360867
0.331108144192256	116.848511282621
0.330666666666667	105.358469162552
0.330226364846871	102.245381380238
0.329787234042553	101.052791989985
0.329349269588313	97.7424931674596
0.328912466843501	104.582599999998
0.328476821192053	104.030439423213
0.328042328042328	110.326900422806
0.327608982826949	101.811824267178
0.327176781002639	89.8495270909932
0.326745718050066	103.011375612996
0.326315789473684	114.811673650746
0.325886990801577	108.642114657671
0.325459317585302	96.5212764569835
0.325032765399738	91.044655141939
0.324607329842932	113.620365478914
0.324183006535948	112.155245927064
0.323759791122715	113.476657185745
0.323337679269883	91.2272545893512
0.322916666666667	106.734081376125
0.322496749024707	104.681353316088
0.322077922077922	105.519188701513
0.321660181582361	101.971532433787
0.321243523316062	96.0541053331244
0.320827943078913	97.5668336736549
0.320413436692506	88.8997469320738
0.32	81.8833794036751
0.319587628865979	79.3267678299945
0.319176319176319	82.4246162792167
0.318766066838046	83.9804945027614
0.318356867779204	91.4663596811871
0.317948717948718	97.2137245556507
0.317541613316261	97.4815966548445
0.317135549872123	87.9716890146791
0.316730523627075	86.3612704076952
0.316326530612245	86.0838345291011
0.315923566878981	85.128279175622
0.315521628498728	87.8139910807111
0.315120711562897	91.8324524103653
0.314720812182741	92.6743975027745
0.314321926489227	94.6480458928019
0.313924050632911	95.9765142862346
0.313527180783818	97.3827037887166
0.313131313131313	97.9869798863371
0.312736443883985	98.9635844770542
0.312342569269521	97.6232674674602
0.311949685534591	95.6916475420117
0.311557788944724	94.3676585219339
0.311166875784191	95.1876124057805
0.31077694235589	94.6511661265695
0.310387984981227	92.7995798605682
0.31	91.6681471368386
