4.96	250	-10.66	12.20445	1.665	3.665	1840000
4.76923076923077	260	-13.592007	14.351176	1.757	4.084	1970000
4.59259259259259	270	-17.625776	19.35648	2.068	4.68	2180000
4.42857142857143	280	-19.196688	31.288466	2.959	5.287	2370000
4.27586206896552	290	-8.96706	46.051632	4.356	5.286	2290000
4.13333333333333	300	6.83382	42.136768	4.976	4.234	1770000
4	310	13.279037	36.850716	5.121	3.598	1460000
3.875	320	15.222735	33.769872	5.112	3.303	1300000
3.75757575757576	330	17.378025	32.209	5.195	3.1	1180000
3.64705882352941	340	19.238072	31.562154	5.301	2.977	1100000
3.54285714285714	350	21.552192	32.282744	5.494	2.938	1060000
3.44444444444444	360	27.51552	35.746232	6.026	2.966	1040000
3.35135135135135	370	42.77264	29.920722	6.891	2.171	737000
3.26315789473684	380	42.87654	12.517472	6.616	0.946	313000
3.17948717948718	390	36.271496	5.37471	6.039	0.445	143000
3.1	400	31.418153	3.322896	5.613	0.296	93000
3.02439024390244	410	28.357371	2.41982	5.33	0.227	69500
2.95238095238095	420	26.173185	1.801888	5.119	0.176	52700
2.88372093023256	430	24.473557	1.365924	4.949	0.138	40200
2.81818181818182	440	23.143895	1.029768	4.812	0.107	30700
2.75555555555556	450	21.998085	0.806852	4.691	0.086	24100
2.69565217391304	460	21.035528	0.651354	4.587	0.071	19500
2.63829787234043	470	20.219165	0.557628	4.497	0.062	16600
2.58333333333333	480	19.524536	0.48609	4.419	0.055	14400
2.53061224489796	490	18.920099	0.4263	4.35	0.049	12600
2.48	500	18.4365	0.377872	4.294	0.044	11100
2.43137254901961	510	17.98456	0.330798	4.241	0.039	9700
2.38461538461538	520	17.579953	0.301896	4.193	0.036	8800
2.33962264150943	530	17.229712	0.273966	4.151	0.033	7850
2.2962962962963	540	16.907644	0.24672	4.112	0.03	7050
2.25454545454545	550	16.621145	0.228312	4.077	0.028	6390
2.21428571428571	560	16.361349	0.21034	4.045	0.026	5780
2.17543859649123	570	16.119649	0.19272	4.015	0.024	5320
2.13793103448276	580	15.903615	0.183448	3.988	0.023	4880
2.10169491525424	590	15.704928	0.166446	3.963	0.021	4490
2.06666666666667	600	15.5232	0.1576	3.94	0.02	4175
2.0327868852459	610	15.3504	0.141048	3.918	0.018	3800
2	620	15.194115	0.132532	3.898	0.017	3520
1.96825396825397	630	15.046385	0.124128	3.879	0.016	3280
1.9375	640	14.907096	0.11583	3.861	0.015	3030
1.90769230769231	650	14.77614	0.107632	3.844	0.014	2790
1.87878787878788	660	14.653415	0.099528	3.828	0.013	2570
1.85074626865672	670	14.5388	0.099138	3.813	0.013	2390
1.82352941176471	680	14.42466	0.091152	3.798	0.012	2200
1.79710144927536	690	14.318535	0.083248	3.784	0.011	2040
1.77142857142857	700	14.227863	0.082984	3.772	0.011	1890
1.74647887323944	710	14.129981	0.07518	3.759	0.01	1780
1.72222222222222	720	14.047404	0.07496	3.748	0.01	1680
1.6986301369863	730	13.965088	0.067266	3.737	0.009	1540
1.67567567567568	740	13.890465	0.059632	3.727	0.008	1420
1.65333333333333	750	13.816025	0.059472	3.717	0.008	1310
1.63157894736842	760	13.749215	0.051912	3.708	0.007	1190
1.61038961038961	770	13.682552	0.051786	3.699	0.007	1100
1.58974358974359	780	13.623445	0.044292	3.691	0.006	1030
1.56962025316456	790	13.564453	0.044196	3.683	0.006	928
1.55	800	13.5056	0.03675	3.675	0.005	850
1.53086419753086	810	13.454199	0.03668	3.668	0.005	775
1.51219512195122	820	13.402896	0.03661	3.661	0.005	707
1.49397590361446	830	13.3517	0.029232	3.654	0.004	647
1.47619047619048	840	13.300593	0.029176	3.647	0.004	590
1.45882352941176	850	13.256865	0.029128	3.641	0.004	534
1.44186046511628	860	13.213216	0.02181	3.635	0.003	479
1.42528735632184	870	13.176891	0.02178	3.63	0.003	431
1.40909090909091	880	13.133367	0.021744	3.624	0.003	383
1.39325842696629	890	13.097157	0.014476	3.619	0.002	343
1.37777777777778	900	13.060992	0.014456	3.614	0.002	303
1.36263736263736	910	13.024877	0.014436	3.609	0.002	271
1.34782608695652	920	12.988812	0.014416	3.604	0.002	240
1.33333333333333	930	12.959996	0.0144	3.6	0.002	209
1.31914893617021	940	12.924024	0.00719	3.595	1E-3	183
1.30526315789474	950	12.89528	0.007182	3.591	1E-3	156
1.29166666666667	960	12.866568	0.007174	3.587	1E-3	134
1.27835051546392	970	12.837888	0.007166	3.583	1E-3	113
1.26530612244898	980	12.80924	0.007158	3.579	1E-3	96
1.25252525252525	990	12.780624	0.00715	3.575	1E-3	79
1.24	1000	12.759183	0.007144	3.572	1E-3	64
1.22772277227723	1010	12.730624	0	3.568	0	51.1
1.2156862745098	1020	12.709225	0	3.565	0	39.9
1.20388349514563	1030	12.687844	0	3.562	0	30.2
1.19230769230769	1040	12.666481	0	3.559	0	22.6
1.18095238095238	1050	12.645136	0	3.556	0	16.3
1.16981132075472	1060	12.623809	0	3.553	0	11.1
1.1588785046729	1070	12.6025	0	3.55	0	8
1.14814814814815	1080	12.581209	0	3.547	0	6.2
1.13761467889908	1090	12.567025	0	3.545	0	4.7
1.12727272727273	1100	12.545764	0	3.542	0	3.5
1.11711711711712	1110	12.5316	0	3.54	0	2.7
1.10714285714286	1120	12.510369	0	3.537	0	2
1.09734513274336	1130	12.496225	0	3.535	0	1.5
1.08771929824561	1140	12.475024	0	3.532	0	1
1.07826086956522	1150	12.4609	0	3.53	0	0.68
1.06896551724138	1160	12.446784	0	3.528	0	0.42
1.05982905982906	1170	12.432676	0	3.526	0	0.22
1.05084745762712	1180	12.418576	0	3.524	0	0.065
1.04201680672269	1190	12.404484	0	3.522	0	0.036
1.03333333333333	1200	12.3904	0	3.52	0	0.022
1.02479338842975	1210	12.376324	0	3.518	0	0.013
1.01639344262295	1220	12.369289	0	3.517	0	0.0082
1.00813008130081	1230	12.355225	0	3.515	0	0.0047
1	1240	12.341169	0	3.513	0	0.0024
0.992	1250	12.327121	0	3.511	0	1E-3
0.984126984126984	1260	12.313081	0	3.509	0	3.6E-4
0.976377952755906	1270	12.306064	0	3.508	0	2E-4
0.96875	1280	12.292036	0	3.506	0	1.2E-4
0.961240310077519	1290	12.285025	0	3.505	0	7.1E-5
0.953846153846154	1300	12.271009	0	3.503	0	4.5E-5
0.946564885496183	1310	12.264004	0	3.502	0	2.7E-5
0.939393939393939	1320	12.25	0	3.5	0	1.6E-5
0.932330827067669	1330	12.243001	0	3.499	0	8E-6
0.925373134328358	1340	12.229009	0	3.497	0	3.5E-6
0.918518518518519	1350	12.222016	0	3.496	0	1.7E-6
0.911764705882353	1360	12.215025	0	3.495	0	9.5E-7
0.905109489051095	1370	12.208036	0	3.494	0	6E-7
0.898550724637681	1380	12.194064	0	3.492	0	3.8E-7
0.892086330935252	1390	12.187081	0	3.491	0	2.3E-7
0.885714285714286	1400	12.1801	0	3.49	0	1.4E-7
0.879432624113475	1410	12.173121	0	3.489	0	8.5E-8
0.873239436619718	1420	12.166144	0	3.488	0	5E-8
0.867132867132867	1430	12.159169	0	3.487	0	2.5E-8
0.861111111111111	1440	12.152196	0	3.486	0	1.8E-8
0.855172413793103	1450	12.145225	0	3.485	0	1.2E-8
